index	no	github account
1	40831154	40831154
2	40932134	40932134
3	41023249	BrianTsai071
4	41036112	41036112
5	41123219	asd1234554321
6	41123236	41123236
7	41123240	41123240
8	41123247	tsai1201
9	41124116	41124116
10	41323101	41323101
11	41323102	HAU-UN102
12	41323103	41323103
13	41323104	HYCCC41323104
14	41323105	41323105
15	41323106	41323106
16	41323107	ruiyi512
17	41323108	Kazlimu
18	41323109	41323109
19	41323110	marcs-user
20	41323111	41323111
21	41323112	41323112
22	41323113	LYX41323113
23	41323114	41323114
24	41323115	41323115
25	41323116	lkj9527
26	41323117	Steven901128
27	41323118	41323118
28	41323119	41323119
29	41323120	wadu0622
30	41323121	LSY41323121
31	41323122	41323122
32	41323123	turnipcakeee
33	41323124	41323124
34	41323125	41323125
35	41323126	41323126
36	41323127	41323127
37	41323128	41323128
38	41323129	FANG436
39	41323130	fanky0327
40	41323131	41323131
41	41323132	41323132
42	41323133	41323133
43	41323134	xiang-0111
44	41323135	41323135
45	41323136	41323136
46	41323137	41323137cjc
47	41323139	41323139
48	41323140	41323140
49	41323141	41323141
50	41323142	SKYang41323142
51	41323143	41323143
52	41323144	41323144
53	41323145	shung0625
54	41323146	41323146
55	41323147	41323147
56	41323148	zhe0331
57	41323149	yun-0705
58	41323150	41323150
59	41323151	zongye0615
60	41323152	41323152
61	41323153	41323153su
