index	no	github account	w7
1	40923219	nfu40923219	缺
2	41023103	ro731	
3	41023105	41023105	late
4	41023109	Yu-Fang-Hong	late
5	41123155	41123155	
6	41223101	yan41223101	late
7	41223102		
8	41223103	CYG41223103	
9	41223104	41223104	late
10	41223105	41223105	
11	41223106	CYA41223106	late
12	41223107	Lin41223107	缺
13	41223110	41223110	
14	41223111	FGH41223111	
15	41223112	WSE41223112	
16	41223113	41223113	
17	41223114	kim41223114	
18	41223116	41223116	
19	41223117	Manto8	late
20	41223118	zhe41223118	
21	41223120	41223120	late
22	41223121	yan21ed	late
23	41223122	Spirit0224	
24	41223123	G8People	
25	41223125	Linjiahong41223125	
26	41223126	Ren911308	late
27	41223129	hong41223129	
28	41223130	joeisme1208	
29	41223131	yuhao-08	
30	41223132	CHN41223132	
31	41223133	41223133	
32	41223134	41223134	late
33	41223136	41223136	
34	41223137	41223137	late
35	41223138		假
36	41223140	41223140	假
37	41223141	41223141	
38	41223142		缺
39	41223143	41223143	缺
40	41223144	41223144	缺
41	41223145	LYY41223145	缺
42	41223146	41223146	late
43	41223147	41223147	
44	41223148		缺
45	41223149	otakuyoyo	late
46	41223150	41223150	late
47	41223152	41223152	
48	41223153	41223153	late
49	41223157	41223157	
50	41223158	41223158	
51	41271125	41271125	late
52	41271146	41271146	
53	41271158	41271158	
