index	no	github account	w6	w7
1	40923147	40923147		
2	41023128	41023128		
3	41023135	41023135		
4	41023137	41023137		
5	41023155	41023155		
6	41023243		缺	缺
7	41223201	41223201	假	
8	41223202	41223202		
9	41223203	41223203	late	
10	41223205	41223205		
11	41223206	41223206		
12	41223207	emma0312		
13	41223208	41223208-hw		
14	41223209	41223209		
15	41223211	41223211		
16	41223212	jjjay41223212	假	
17	41223214	41223214	假	
18	41223215	RAY41223215	假	
19	41223216	41223216	late	
20	41223217	41223217	假	
21	41223218	41223218	假	
22	41223219	41223219	late	
23	41223220	ljg41223220		
24	41223221	leeshaowei0716	假	
25	41223222	41223222	假	
26	41223223	linryan23	假	
27	41223224	41223224		
28	41223225	41223225	late	
29	41223226	41223226-0		
30	41223227	41223227		
31	41223228	hyy41223228		
32	41223229	41223229		
33	41223230	41223230		
34	41223231	41223231		
35	41223232		缺	
36	41223233			
37	41223234	41223234		
38	41223235	41223235	假	
39	41223236	41223236		
40	41223237	Cloud41223237	缺	
41	41223240	ych0227		
42	41223242	41223242		
43	41223243	41223243		
44	41223244	Liu41223244		
45	41223245	41223245	缺	
46	41223246	41223246		
47	41223247	CYC41223247		
48	41223248			
49	41223249	41223249		
50	41223250	timluo123		
51	41223251	41223251	假	
52	41223252	supowen	late	
53	41223253	jacky93111	late	
